% Daily closing prices of the AMD stock 
%       from 2/19/13 to 2/19/18
%
%   Normalized        Closing 
%      Time          Price ($)               
%
%      (x)              (y)
%
   0.0000000e+00   2.8200000e+00
   7.9428118e-04   2.7000000e+00
   1.5885624e-03   2.6000000e+00
   2.3828435e-03   2.6100000e+00
   3.1771247e-03   2.5300000e+00
   3.9714059e-03   2.4600000e+00
   4.7656871e-03   2.5300000e+00
   5.5599682e-03   2.4900000e+00
   6.3542494e-03   2.4200000e+00
   7.1485306e-03   2.4000000e+00
   7.9428118e-03   2.4300000e+00
   8.7370929e-03   2.4300000e+00
   9.5313741e-03   2.5500000e+00
   1.0325655e-02   2.5600000e+00
   1.1119936e-02   2.5900000e+00
   1.1914218e-02   2.6100000e+00
   1.2708499e-02   2.6000000e+00
   1.3502780e-02   2.6300000e+00
   1.4297061e-02   2.6000000e+00
   1.5091342e-02   2.6500000e+00
   1.5885624e-02   2.6700000e+00
   1.6679905e-02   2.7500000e+00
   1.7474186e-02   2.6400000e+00
   1.8268467e-02   2.5400000e+00
   1.9062748e-02   2.5100000e+00
   1.9857029e-02   2.5400000e+00
   2.0651311e-02   2.5500000e+00
   2.1445592e-02   2.5500000e+00
   2.2239873e-02   2.4400000e+00
   2.3034154e-02   2.3900000e+00
   2.3828435e-02   2.3200000e+00
   2.4622716e-02   2.3300000e+00
   2.5416998e-02   2.2900000e+00
   2.6211279e-02   2.5900000e+00
   2.7005560e-02   2.6300000e+00
   2.7799841e-02   2.6100000e+00
   2.8594122e-02   2.5200000e+00
   2.9388403e-02   2.4800000e+00
   3.0182685e-02   2.4000000e+00
   3.0976966e-02   2.4400000e+00
   3.1771247e-02   2.4000000e+00
   3.2565528e-02   2.5100000e+00
   3.3359809e-02   2.4700000e+00
   3.4154091e-02   2.4600000e+00
   3.4948372e-02   2.5300000e+00
   3.5742653e-02   2.6100000e+00
   3.6536934e-02   2.6800000e+00
   3.7331215e-02   2.6400000e+00
   3.8125496e-02   2.6800000e+00
   3.8919778e-02   2.8200000e+00
   3.9714059e-02   3.2200000e+00
   4.0508340e-02   3.4100000e+00
   4.1302621e-02   3.6000000e+00
   4.2096902e-02   3.6100000e+00
   4.2891183e-02   3.5400000e+00
   4.3685465e-02   3.8300000e+00
   4.4479746e-02   3.8600000e+00
   4.5274027e-02   3.9500000e+00
   4.6068308e-02   4.1700000e+00
   4.6862589e-02   4.2600000e+00
   4.7656871e-02   4.3800000e+00
   4.8451152e-02   3.8300000e+00
   4.9245433e-02   4.0700000e+00
   5.0039714e-02   4.1000000e+00
   5.0833995e-02   4.0200000e+00
   5.1628276e-02   3.9600000e+00
   5.2422558e-02   4.0100000e+00
   5.3216839e-02   4.0500000e+00
   5.4011120e-02   4.0500000e+00
   5.4805401e-02   3.9800000e+00
   5.5599682e-02   4.0400000e+00
   5.6393963e-02   4.0000000e+00
   5.7188245e-02   3.9600000e+00
   5.7982526e-02   4.0100000e+00
   5.8776807e-02   3.9100000e+00
   5.9571088e-02   3.9400000e+00
   6.0365369e-02   3.9100000e+00
   6.1159651e-02   4.0600000e+00
   6.1953932e-02   3.9600000e+00
   6.2748213e-02   3.9000000e+00
   6.3542494e-02   3.9500000e+00
   6.4336775e-02   3.9400000e+00
   6.5131056e-02   4.0500000e+00
   6.5925338e-02   4.0900000e+00
   6.6719619e-02   4.0700000e+00
   6.7513900e-02   3.8700000e+00
   6.8308181e-02   4.0000000e+00
   6.9102462e-02   4.0500000e+00
   6.9896743e-02   4.1500000e+00
   7.0691025e-02   4.1400000e+00
   7.1485306e-02   4.0800000e+00
   7.2279587e-02   4.0800000e+00
   7.3073868e-02   4.1000000e+00
   7.3868149e-02   3.9700000e+00
   7.4662431e-02   4.0600000e+00
   7.5456712e-02   4.0700000e+00
   7.6250993e-02   4.0000000e+00
   7.7045274e-02   4.0500000e+00
   7.7839555e-02   3.9800000e+00
   7.8633836e-02   4.4500000e+00
   7.9428118e-02   4.3200000e+00
   8.0222399e-02   4.4000000e+00
   8.1016680e-02   4.4300000e+00
   8.1810961e-02   4.3800000e+00
   8.2605242e-02   4.6400000e+00
   8.3399523e-02   4.0300000e+00
   8.4193805e-02   3.9000000e+00
   8.4988086e-02   3.6600000e+00
   8.5782367e-02   3.6300000e+00
   8.6576648e-02   3.7000000e+00
   8.7370929e-02   3.8200000e+00
   8.8165210e-02   3.7500000e+00
   8.8959492e-02   3.8200000e+00
   8.9753773e-02   3.7700000e+00
   9.0548054e-02   3.8100000e+00
   9.1342335e-02   3.8000000e+00
   9.2136616e-02   3.8200000e+00
   9.2930898e-02   3.7200000e+00
   9.3725179e-02   3.6900000e+00
   9.4519460e-02   3.7100000e+00
   9.5313741e-02   3.6500000e+00
   9.6108022e-02   3.6500000e+00
   9.6902303e-02   3.6900000e+00
   9.7696585e-02   3.8200000e+00
   9.8490866e-02   3.6900000e+00
   9.9285147e-02   3.6600000e+00
   1.0007943e-01   3.6000000e+00
   1.0087371e-01   3.6300000e+00
   1.0166799e-01   3.6100000e+00
   1.0246227e-01   3.6300000e+00
   1.0325655e-01   3.6500000e+00
   1.0405083e-01   3.5800000e+00
   1.0484512e-01   3.3900000e+00
   1.0563940e-01   3.4200000e+00
   1.0643368e-01   3.3800000e+00
   1.0722796e-01   3.2700000e+00
   1.0802224e-01   3.2700000e+00
   1.0881652e-01   3.3100000e+00
   1.0961080e-01   3.4100000e+00
   1.1040508e-01   3.5700000e+00
   1.1119936e-01   3.6900000e+00
   1.1199365e-01   3.8700000e+00
   1.1278793e-01   3.8200000e+00
   1.1358221e-01   3.7500000e+00
   1.1437649e-01   3.8300000e+00
   1.1517077e-01   3.8200000e+00
   1.1596505e-01   3.8500000e+00
   1.1675933e-01   3.9300000e+00
   1.1755361e-01   3.9500000e+00
   1.1834790e-01   3.8300000e+00
   1.1914218e-01   3.7900000e+00
   1.1993646e-01   3.8000000e+00
   1.2073074e-01   3.9100000e+00
   1.2152502e-01   3.8900000e+00
   1.2231930e-01   3.8600000e+00
   1.2311358e-01   3.8100000e+00
   1.2390786e-01   3.8600000e+00
   1.2470214e-01   3.9000000e+00
   1.2549643e-01   3.9000000e+00
   1.2629071e-01   3.9100000e+00
   1.2708499e-01   3.8600000e+00
   1.2787927e-01   3.7200000e+00
   1.2867355e-01   3.6500000e+00
   1.2946783e-01   3.7900000e+00
   1.3026211e-01   3.8300000e+00
   1.3105639e-01   3.9700000e+00
   1.3185068e-01   4.0200000e+00
   1.3264496e-01   4.0900000e+00
   1.3343924e-01   4.0900000e+00
   1.3423352e-01   3.5300000e+00
   1.3502780e-01   3.3700000e+00
   1.3582208e-01   3.1800000e+00
   1.3661636e-01   3.1400000e+00
   1.3741064e-01   3.2300000e+00
   1.3820492e-01   3.3400000e+00
   1.3899921e-01   3.3200000e+00
   1.3979349e-01   3.3300000e+00
   1.4058777e-01   3.3000000e+00
   1.4138205e-01   3.3400000e+00
   1.4217633e-01   3.3100000e+00
   1.4297061e-01   3.3200000e+00
   1.4376489e-01   3.3300000e+00
   1.4455917e-01   3.3200000e+00
   1.4535346e-01   3.2800000e+00
   1.4614774e-01   3.2700000e+00
   1.4694202e-01   3.3400000e+00
   1.4773630e-01   3.4400000e+00
   1.4853058e-01   3.5400000e+00
   1.4932486e-01   3.5200000e+00
   1.5011914e-01   3.5000000e+00
   1.5091342e-01   3.4700000e+00
   1.5170770e-01   3.4200000e+00
   1.5250199e-01   3.4200000e+00
   1.5329627e-01   3.3700000e+00
   1.5409055e-01   3.3400000e+00
   1.5488483e-01   3.3900000e+00
   1.5567911e-01   3.4500000e+00
   1.5647339e-01   3.5600000e+00
   1.5726767e-01   3.6400000e+00
   1.5806195e-01   3.6600000e+00
   1.5885624e-01   3.6200000e+00
   1.5965052e-01   3.5700000e+00
   1.6044480e-01   3.6400000e+00
   1.6123908e-01   3.6600000e+00
   1.6203336e-01   3.6300000e+00
   1.6282764e-01   3.7200000e+00
   1.6362192e-01   3.6800000e+00
   1.6441620e-01   3.6900000e+00
   1.6521048e-01   3.6900000e+00
   1.6600477e-01   3.5900000e+00
   1.6679905e-01   3.6500000e+00
   1.6759333e-01   3.6500000e+00
   1.6838761e-01   3.6500000e+00
   1.6918189e-01   3.6900000e+00
   1.6997617e-01   3.7500000e+00
   1.7077045e-01   3.7700000e+00
   1.7156473e-01   3.8000000e+00
   1.7235902e-01   3.7800000e+00
   1.7315330e-01   3.8500000e+00
   1.7394758e-01   3.8700000e+00
   1.7474186e-01   3.9500000e+00
   1.7553614e-01   4.0000000e+00
   1.7633042e-01   4.1300000e+00
   1.7712470e-01   4.1800000e+00
   1.7791898e-01   4.1800000e+00
   1.7871326e-01   4.0900000e+00
   1.7950755e-01   4.1700000e+00
   1.8030183e-01   4.1300000e+00
   1.8109611e-01   4.3000000e+00
   1.8189039e-01   4.4700000e+00
   1.8268467e-01   4.3800000e+00
   1.8347895e-01   4.1800000e+00
   1.8427323e-01   4.1700000e+00
   1.8506751e-01   3.6700000e+00
   1.8586180e-01   3.6200000e+00
   1.8665608e-01   3.4700000e+00
   1.8745036e-01   3.4100000e+00
   1.8824464e-01   3.5400000e+00
   1.8903892e-01   3.4800000e+00
   1.8983320e-01   3.4800000e+00
   1.9062748e-01   3.4300000e+00
   1.9142176e-01   3.3300000e+00
   1.9221604e-01   3.3700000e+00
   1.9301033e-01   3.3100000e+00
   1.9380461e-01   3.4100000e+00
   1.9459889e-01   3.4700000e+00
   1.9539317e-01   3.6300000e+00
   1.9618745e-01   3.7000000e+00
   1.9698173e-01   3.6900000e+00
   1.9777601e-01   3.7000000e+00
   1.9857029e-01   3.6900000e+00
   1.9936458e-01   3.7000000e+00
   2.0015886e-01   3.7200000e+00
   2.0095314e-01   3.6900000e+00
   2.0174742e-01   3.6900000e+00
   2.0254170e-01   3.7100000e+00
   2.0333598e-01   3.6900000e+00
   2.0413026e-01   3.7000000e+00
   2.0492454e-01   3.7100000e+00
   2.0571882e-01   3.7100000e+00
   2.0651311e-01   3.6700000e+00
   2.0730739e-01   3.7000000e+00
   2.0810167e-01   3.7100000e+00
   2.0889595e-01   3.7300000e+00
   2.0969023e-01   3.9500000e+00
   2.1048451e-01   3.8100000e+00
   2.1127879e-01   3.8500000e+00
   2.1207307e-01   3.9100000e+00
   2.1286736e-01   3.8600000e+00
   2.1366164e-01   3.8500000e+00
   2.1445592e-01   3.8000000e+00
   2.1525020e-01   3.8900000e+00
   2.1604448e-01   3.9800000e+00
   2.1683876e-01   4.0500000e+00
   2.1763304e-01   4.0400000e+00
   2.1842732e-01   4.0500000e+00
   2.1922160e-01   4.0500000e+00
   2.2001589e-01   4.0500000e+00
   2.2081017e-01   3.9100000e+00
   2.2160445e-01   3.8800000e+00
   2.2239873e-01   4.0100000e+00
   2.2319301e-01   4.0700000e+00
   2.2398729e-01   4.0600000e+00
   2.2478157e-01   4.0000000e+00
   2.2557585e-01   4.0100000e+00
   2.2637014e-01   3.8800000e+00
   2.2716442e-01   3.9900000e+00
   2.2795870e-01   3.9800000e+00
   2.2875298e-01   3.8500000e+00
   2.2954726e-01   3.6500000e+00
   2.3034154e-01   3.7100000e+00
   2.3113582e-01   3.7900000e+00
   2.3193010e-01   3.7600000e+00
   2.3272438e-01   3.6900000e+00
   2.3351867e-01   4.1200000e+00
   2.3431295e-01   4.3000000e+00
   2.3510723e-01   4.2500000e+00
   2.3590151e-01   4.2800000e+00
   2.3669579e-01   4.0500000e+00
   2.3749007e-01   3.9600000e+00
   2.3828435e-01   4.0300000e+00
   2.3907863e-01   4.0900000e+00
   2.3987292e-01   4.2000000e+00
   2.4066720e-01   4.1200000e+00
   2.4146148e-01   4.0900000e+00
   2.4225576e-01   4.0100000e+00
   2.4305004e-01   3.9700000e+00
   2.4384432e-01   3.9300000e+00
   2.4463860e-01   3.8700000e+00
   2.4543288e-01   3.9700000e+00
   2.4622716e-01   4.0300000e+00
   2.4702145e-01   3.9800000e+00
   2.4781573e-01   3.9600000e+00
   2.4861001e-01   4.0200000e+00
   2.4940429e-01   4.0900000e+00
   2.5019857e-01   4.0500000e+00
   2.5099285e-01   4.1000000e+00
   2.5178713e-01   4.0100000e+00
   2.5258141e-01   4.0200000e+00
   2.5337569e-01   4.0400000e+00
   2.5416998e-01   4.0000000e+00
   2.5496426e-01   4.0300000e+00
   2.5575854e-01   4.0000000e+00
   2.5655282e-01   3.9700000e+00
   2.5734710e-01   3.9400000e+00
   2.5814138e-01   4.0400000e+00
   2.5893566e-01   4.0800000e+00
   2.5972994e-01   4.0600000e+00
   2.6052423e-01   4.0700000e+00
   2.6131851e-01   4.2000000e+00
   2.6211279e-01   4.2900000e+00
   2.6290707e-01   4.2900000e+00
   2.6370135e-01   4.2800000e+00
   2.6449563e-01   4.4400000e+00
   2.6528991e-01   4.4700000e+00
   2.6608419e-01   4.4000000e+00
   2.6687847e-01   4.3600000e+00
   2.6767276e-01   4.1000000e+00
   2.6846704e-01   4.0100000e+00
   2.6926132e-01   3.9400000e+00
   2.7005560e-01   3.9600000e+00
   2.7084988e-01   4.0300000e+00
   2.7164416e-01   4.1100000e+00
   2.7243844e-01   4.1900000e+00
   2.7323272e-01   4.2200000e+00
   2.7402701e-01   4.3400000e+00
   2.7482129e-01   4.2400000e+00
   2.7561557e-01   4.2600000e+00
   2.7640985e-01   4.2200000e+00
   2.7720413e-01   4.2300000e+00
   2.7799841e-01   4.2900000e+00
   2.7879269e-01   4.3700000e+00
   2.7958697e-01   4.6400000e+00
   2.8038125e-01   4.5300000e+00
   2.8117554e-01   4.6600000e+00
   2.8196982e-01   4.5700000e+00
   2.8276410e-01   3.8300000e+00
   2.8355838e-01   3.7800000e+00
   2.8435266e-01   3.8000000e+00
   2.8514694e-01   3.7600000e+00
   2.8594122e-01   3.7300000e+00
   2.8673550e-01   3.7600000e+00
   2.8752979e-01   3.7300000e+00
   2.8832407e-01   3.7900000e+00
   2.8911835e-01   3.8200000e+00
   2.8991263e-01   3.9100000e+00
   2.9070691e-01   3.9700000e+00
   2.9150119e-01   4.0000000e+00
   2.9229547e-01   4.0800000e+00
   2.9308975e-01   4.1200000e+00
   2.9388403e-01   4.1000000e+00
   2.9467832e-01   4.1200000e+00
   2.9547260e-01   4.1400000e+00
   2.9626688e-01   4.0800000e+00
   2.9706116e-01   4.1100000e+00
   2.9785544e-01   4.0800000e+00
   2.9864972e-01   4.1300000e+00
   2.9944400e-01   4.2100000e+00
   3.0023828e-01   4.2700000e+00
   3.0103257e-01   4.2800000e+00
   3.0182685e-01   4.2400000e+00
   3.0262113e-01   4.2500000e+00
   3.0341541e-01   4.1800000e+00
   3.0420969e-01   4.1900000e+00
   3.0500397e-01   4.1600000e+00
   3.0579825e-01   4.1400000e+00
   3.0659253e-01   4.1700000e+00
   3.0738681e-01   4.1600000e+00
   3.0818110e-01   4.1900000e+00
   3.0897538e-01   4.1500000e+00
   3.0976966e-01   4.1500000e+00
   3.1056394e-01   4.1300000e+00
   3.1135822e-01   4.0800000e+00
   3.1215250e-01   4.0800000e+00
   3.1294678e-01   4.0800000e+00
   3.1374106e-01   3.9600000e+00
   3.1453535e-01   3.9100000e+00
   3.1532963e-01   3.8100000e+00
   3.1612391e-01   3.8200000e+00
   3.1691819e-01   3.8800000e+00
   3.1771247e-01   3.8100000e+00
   3.1850675e-01   3.7600000e+00
   3.1930103e-01   3.6900000e+00
   3.2009531e-01   3.7000000e+00
   3.2088959e-01   3.6300000e+00
   3.2168388e-01   3.6000000e+00
   3.2247816e-01   3.5500000e+00
   3.2327244e-01   3.4100000e+00
   3.2406672e-01   3.3500000e+00
   3.2486100e-01   3.3900000e+00
   3.2565528e-01   3.4000000e+00
   3.2644956e-01   3.3600000e+00
   3.2724384e-01   3.2800000e+00
   3.2803813e-01   3.2800000e+00
   3.2883241e-01   2.9500000e+00
   3.2962669e-01   2.7200000e+00
   3.3042097e-01   2.7400000e+00
   3.3121525e-01   2.6200000e+00
   3.3200953e-01   2.6100000e+00
   3.3280381e-01   2.6400000e+00
   3.3359809e-01   2.7200000e+00
   3.3439237e-01   2.6700000e+00
   3.3518666e-01   2.7700000e+00
   3.3598094e-01   2.6400000e+00
   3.3677522e-01   2.6900000e+00
   3.3756950e-01   2.6800000e+00
   3.3836378e-01   2.6600000e+00
   3.3915806e-01   2.7200000e+00
   3.3995234e-01   2.7700000e+00
   3.4074662e-01   2.7500000e+00
   3.4154091e-01   2.8000000e+00
   3.4233519e-01   2.8700000e+00
   3.4312947e-01   2.8300000e+00
   3.4392375e-01   2.8000000e+00
   3.4471803e-01   2.7600000e+00
   3.4551231e-01   2.7800000e+00
   3.4630659e-01   2.7600000e+00
   3.4710087e-01   2.7300000e+00
   3.4789515e-01   2.7100000e+00
   3.4868944e-01   2.6600000e+00
   3.4948372e-01   2.6100000e+00
   3.5027800e-01   2.6700000e+00
   3.5107228e-01   2.6500000e+00
   3.5186656e-01   2.6300000e+00
   3.5266084e-01   2.6900000e+00
   3.5345512e-01   2.7700000e+00
   3.5424940e-01   2.8300000e+00
   3.5504369e-01   2.8300000e+00
   3.5583797e-01   2.8400000e+00
   3.5663225e-01   2.7900000e+00
   3.5742653e-01   2.6700000e+00
   3.5822081e-01   2.6800000e+00
   3.5901509e-01   2.7400000e+00
   3.5980937e-01   2.6900000e+00
   3.6060365e-01   2.6600000e+00
   3.6139793e-01   2.5800000e+00
   3.6219222e-01   2.5900000e+00
   3.6298650e-01   2.4800000e+00
   3.6378078e-01   2.4900000e+00
   3.6457506e-01   2.5200000e+00
   3.6536934e-01   2.4700000e+00
   3.6616362e-01   2.5000000e+00
   3.6695790e-01   2.5500000e+00
   3.6775218e-01   2.5500000e+00
   3.6854647e-01   2.5700000e+00
   3.6934075e-01   2.6600000e+00
   3.7013503e-01   2.6700000e+00
   3.7092931e-01   2.6500000e+00
   3.7172359e-01   2.6500000e+00
   3.7251787e-01   2.6600000e+00
   3.7331215e-01   2.6300000e+00
   3.7410643e-01   2.6700000e+00
   3.7490071e-01   2.6700000e+00
   3.7569500e-01   2.6600000e+00
   3.7648928e-01   2.6300000e+00
   3.7728356e-01   2.5800000e+00
   3.7807784e-01   2.6100000e+00
   3.7887212e-01   2.6300000e+00
   3.7966640e-01   2.6300000e+00
   3.8046068e-01   2.6600000e+00
   3.8125496e-01   2.6300000e+00
   3.8204925e-01   2.5200000e+00
   3.8284353e-01   2.3900000e+00
   3.8363781e-01   2.2400000e+00
   3.8443209e-01   2.4500000e+00
   3.8522637e-01   2.4700000e+00
   3.8602065e-01   2.4500000e+00
   3.8681493e-01   2.6100000e+00
   3.8760921e-01   2.7000000e+00
   3.8840349e-01   2.6300000e+00
   3.8919778e-01   2.6100000e+00
   3.8999206e-01   2.5700000e+00
   3.9078634e-01   2.6700000e+00
   3.9158062e-01   2.7600000e+00
   3.9237490e-01   2.8500000e+00
   3.9316918e-01   3.3100000e+00
   3.9396346e-01   3.0300000e+00
   3.9475774e-01   3.0400000e+00
   3.9555203e-01   3.0400000e+00
   3.9634631e-01   3.0700000e+00
   3.9714059e-01   3.1200000e+00
   3.9793487e-01   3.1500000e+00
   3.9872915e-01   3.1100000e+00
   3.9952343e-01   3.0800000e+00
   4.0031771e-01   3.0600000e+00
   4.0111199e-01   3.0600000e+00
   4.0190627e-01   3.0600000e+00
   4.0270056e-01   3.1100000e+00
   4.0349484e-01   3.1000000e+00
   4.0428912e-01   3.0800000e+00
   4.0508340e-01   3.1100000e+00
   4.0587768e-01   3.2100000e+00
   4.0667196e-01   3.1400000e+00
   4.0746624e-01   3.0500000e+00
   4.0826052e-01   2.9800000e+00
   4.0905481e-01   2.9200000e+00
   4.0984909e-01   2.9300000e+00
   4.1064337e-01   2.9200000e+00
   4.1143765e-01   2.8400000e+00
   4.1223193e-01   2.7600000e+00
   4.1302621e-01   2.7500000e+00
   4.1382049e-01   2.7600000e+00
   4.1461477e-01   2.7700000e+00
   4.1540905e-01   2.7500000e+00
   4.1620334e-01   2.7400000e+00
   4.1699762e-01   2.8000000e+00
   4.1779190e-01   2.8400000e+00
   4.1858618e-01   2.7900000e+00
   4.1938046e-01   2.6300000e+00
   4.2017474e-01   2.6500000e+00
   4.2096902e-01   2.7200000e+00
   4.2176330e-01   2.7000000e+00
   4.2255759e-01   2.6800000e+00
   4.2335187e-01   2.6900000e+00
   4.2414615e-01   2.6900000e+00
   4.2494043e-01   2.7000000e+00
   4.2573471e-01   2.7000000e+00
   4.2652899e-01   2.7100000e+00
   4.2732327e-01   2.7200000e+00
   4.2811755e-01   2.7600000e+00
   4.2891183e-01   2.7800000e+00
   4.2970612e-01   2.6700000e+00
   4.3050040e-01   2.7000000e+00
   4.3129468e-01   2.8700000e+00
   4.3208896e-01   2.5800000e+00
   4.3288324e-01   2.4900000e+00
   4.3367752e-01   2.3500000e+00
   4.3447180e-01   2.2800000e+00
   4.3526608e-01   2.3300000e+00
   4.3606037e-01   2.3000000e+00
   4.3685465e-01   2.3400000e+00
   4.3764893e-01   2.3100000e+00
   4.3844321e-01   2.2800000e+00
   4.3923749e-01   2.2600000e+00
   4.4003177e-01   2.3100000e+00
   4.4082605e-01   2.3100000e+00
   4.4162033e-01   2.2800000e+00
   4.4241461e-01   2.2900000e+00
   4.4320890e-01   2.3200000e+00
   4.4400318e-01   2.3100000e+00
   4.4479746e-01   2.3200000e+00
   4.4559174e-01   2.3500000e+00
   4.4638602e-01   2.3700000e+00
   4.4718030e-01   2.3300000e+00
   4.4797458e-01   2.3200000e+00
   4.4876886e-01   2.3500000e+00
   4.4956315e-01   2.2800000e+00
   4.5035743e-01   2.3200000e+00
   4.5115171e-01   2.2800000e+00
   4.5194599e-01   2.2800000e+00
   4.5274027e-01   2.2200000e+00
   4.5353455e-01   2.2800000e+00
   4.5432883e-01   2.2700000e+00
   4.5512311e-01   2.2800000e+00
   4.5591739e-01   2.2500000e+00
   4.5671168e-01   2.3000000e+00
   4.5750596e-01   2.2800000e+00
   4.5830024e-01   2.3300000e+00
   4.5909452e-01   2.3300000e+00
   4.5988880e-01   2.3100000e+00
   4.6068308e-01   2.2900000e+00
   4.6147736e-01   2.3200000e+00
   4.6227164e-01   2.3200000e+00
   4.6306593e-01   2.3100000e+00
   4.6386021e-01   2.3200000e+00
   4.6465449e-01   2.3500000e+00
   4.6544877e-01   2.4700000e+00
   4.6624305e-01   2.5200000e+00
   4.6703733e-01   2.5800000e+00
   4.6783161e-01   2.6200000e+00
   4.6862589e-01   2.6100000e+00
   4.6942017e-01   2.6200000e+00
   4.7021446e-01   2.5800000e+00
   4.7100874e-01   2.4700000e+00
   4.7180302e-01   2.3400000e+00
   4.7259730e-01   2.4000000e+00
   4.7339158e-01   2.4200000e+00
   4.7418586e-01   2.5300000e+00
   4.7498014e-01   2.4700000e+00
   4.7577442e-01   2.0900000e+00
   4.7656871e-01   2.0100000e+00
   4.7736299e-01   1.9800000e+00
   4.7815727e-01   1.9600000e+00
   4.7895155e-01   1.9600000e+00
   4.7974583e-01   2.0500000e+00
   4.8054011e-01   1.9600000e+00
   4.8133439e-01   1.8700000e+00
   4.8212867e-01   1.7900000e+00
   4.8292295e-01   1.8000000e+00
   4.8371724e-01   1.8000000e+00
   4.8451152e-01   1.7900000e+00
   4.8530580e-01   1.7600000e+00
   4.8610008e-01   1.6700000e+00
   4.8689436e-01   1.6200000e+00
   4.8768864e-01   1.7700000e+00
   4.8848292e-01   1.9600000e+00
   4.8927720e-01   1.9300000e+00
   4.9007149e-01   1.9300000e+00
   4.9086577e-01   2.2000000e+00
   4.9166005e-01   2.1300000e+00
   4.9245433e-01   2.1600000e+00
   4.9324861e-01   2.1100000e+00
   4.9404289e-01   2.0900000e+00
   4.9483717e-01   1.9300000e+00
   4.9563145e-01   1.9000000e+00
   4.9642573e-01   1.9000000e+00
   4.9722002e-01   1.7900000e+00
   4.9801430e-01   1.8400000e+00
   4.9880858e-01   1.8000000e+00
   4.9960286e-01   1.8000000e+00
   5.0039714e-01   1.8000000e+00
   5.0119142e-01   1.7000000e+00
   5.0198570e-01   1.7800000e+00
   5.0277998e-01   1.7500000e+00
   5.0357427e-01   1.6600000e+00
   5.0436855e-01   1.7200000e+00
   5.0516283e-01   1.7800000e+00
   5.0595711e-01   1.8500000e+00
   5.0675139e-01   1.8100000e+00
   5.0754567e-01   1.7100000e+00
   5.0833995e-01   1.7700000e+00
   5.0913423e-01   1.7900000e+00
   5.0992851e-01   1.8200000e+00
   5.1072280e-01   1.8800000e+00
   5.1151708e-01   1.8500000e+00
   5.1231136e-01   1.8400000e+00
   5.1310564e-01   2.0100000e+00
   5.1389992e-01   1.8200000e+00
   5.1469420e-01   1.8600000e+00
   5.1548848e-01   1.8900000e+00
   5.1628276e-01   1.8900000e+00
   5.1707705e-01   1.8700000e+00
   5.1787133e-01   1.8100000e+00
   5.1866561e-01   1.7300000e+00
   5.1945989e-01   1.7000000e+00
   5.2025417e-01   1.7200000e+00
   5.2104845e-01   1.7100000e+00
   5.2184273e-01   1.6600000e+00
   5.2263701e-01   1.6700000e+00
   5.2343129e-01   1.7200000e+00
   5.2422558e-01   1.7400000e+00
   5.2501986e-01   1.8300000e+00
   5.2581414e-01   1.8000000e+00
   5.2660842e-01   1.8300000e+00
   5.2740270e-01   1.8600000e+00
   5.2819698e-01   1.9300000e+00
   5.2899126e-01   1.9600000e+00
   5.2978554e-01   1.8700000e+00
   5.3057983e-01   1.9200000e+00
   5.3137411e-01   1.9500000e+00
   5.3216839e-01   1.9700000e+00
   5.3296267e-01   1.9400000e+00
   5.3375695e-01   2.0100000e+00
   5.3455123e-01   2.0200000e+00
   5.3534551e-01   2.1000000e+00
   5.3613979e-01   2.1400000e+00
   5.3693407e-01   2.2100000e+00
   5.3772836e-01   2.1500000e+00
   5.3852264e-01   2.1500000e+00
   5.3931692e-01   2.1800000e+00
   5.4011120e-01   2.1300000e+00
   5.4090548e-01   2.1200000e+00
   5.4169976e-01   2.1900000e+00
   5.4249404e-01   2.2800000e+00
   5.4328832e-01   2.2000000e+00
   5.4408261e-01   2.2000000e+00
   5.4487689e-01   2.1500000e+00
   5.4567117e-01   2.1100000e+00
   5.4646545e-01   2.0200000e+00
   5.4725973e-01   2.0700000e+00
   5.4805401e-01   2.0000000e+00
   5.4884829e-01   1.9900000e+00
   5.4964257e-01   1.9900000e+00
   5.5043685e-01   1.9800000e+00
   5.5123114e-01   2.1200000e+00
   5.5202542e-01   2.1400000e+00
   5.5281970e-01   2.2200000e+00
   5.5361398e-01   2.2200000e+00
   5.5440826e-01   2.3400000e+00
   5.5520254e-01   2.3800000e+00
   5.5599682e-01   2.3300000e+00
   5.5679110e-01   2.3600000e+00
   5.5758539e-01   2.3400000e+00
   5.5837967e-01   2.2700000e+00
   5.5917395e-01   2.2300000e+00
   5.5996823e-01   2.2800000e+00
   5.6076251e-01   2.3600000e+00
   5.6155679e-01   2.3900000e+00
   5.6235107e-01   2.3500000e+00
   5.6314535e-01   2.4500000e+00
   5.6393963e-01   2.3600000e+00
   5.6473392e-01   2.3400000e+00
   5.6552820e-01   2.3600000e+00
   5.6632248e-01   2.5400000e+00
   5.6711676e-01   2.5600000e+00
   5.6791104e-01   2.4500000e+00
   5.6870532e-01   2.5300000e+00
   5.6949960e-01   2.7700000e+00
   5.7029388e-01   2.8300000e+00
   5.7108817e-01   2.9200000e+00
   5.7188245e-01   3.0000000e+00
   5.7267673e-01   3.0000000e+00
   5.7347101e-01   2.9800000e+00
   5.7426529e-01   2.8700000e+00
   5.7505957e-01   2.7700000e+00
   5.7585385e-01   2.7500000e+00
   5.7664813e-01   2.5100000e+00
   5.7744241e-01   2.2800000e+00
   5.7823670e-01   2.1400000e+00
   5.7903098e-01   2.3400000e+00
   5.7982526e-01   2.3900000e+00
   5.8061954e-01   2.2500000e+00
   5.8141382e-01   2.2100000e+00
   5.8220810e-01   2.0300000e+00
   5.8300238e-01   1.9500000e+00
   5.8379666e-01   1.8000000e+00
   5.8459095e-01   2.0900000e+00
   5.8538523e-01   2.0200000e+00
   5.8617951e-01   2.1200000e+00
   5.8697379e-01   2.0700000e+00
   5.8776807e-01   2.1300000e+00
   5.8856235e-01   2.0800000e+00
   5.8935663e-01   2.2000000e+00
   5.9015091e-01   2.1400000e+00
   5.9094519e-01   1.9900000e+00
   5.9173948e-01   2.0700000e+00
   5.9253376e-01   2.0900000e+00
   5.9332804e-01   1.9800000e+00
   5.9412232e-01   1.9300000e+00
   5.9491660e-01   1.9000000e+00
   5.9571088e-01   1.8400000e+00
   5.9650516e-01   1.8600000e+00
   5.9729944e-01   1.8300000e+00
   5.9809373e-01   1.8300000e+00
   5.9888801e-01   1.9000000e+00
   5.9968229e-01   1.9100000e+00
   6.0047657e-01   1.9100000e+00
   6.0127085e-01   2.0100000e+00
   6.0206513e-01   1.9700000e+00
   6.0285941e-01   2.0200000e+00
   6.0365369e-01   2.0300000e+00
   6.0444797e-01   2.0700000e+00
   6.0524226e-01   2.1400000e+00
   6.0603654e-01   2.1800000e+00
   6.0683082e-01   2.3200000e+00
   6.0762510e-01   2.4600000e+00
   6.0841938e-01   2.3700000e+00
   6.0921366e-01   2.4700000e+00
   6.1000794e-01   2.3000000e+00
   6.1080222e-01   2.2600000e+00
   6.1159651e-01   2.2600000e+00
   6.1239079e-01   2.5200000e+00
   6.1318507e-01   2.7200000e+00
   6.1397935e-01   2.4900000e+00
   6.1477363e-01   2.6300000e+00
   6.1556791e-01   2.8000000e+00
   6.1636219e-01   2.9300000e+00
   6.1715647e-01   2.8000000e+00
   6.1795075e-01   2.7900000e+00
   6.1874504e-01   2.6800000e+00
   6.1953932e-01   2.7900000e+00
   6.2033360e-01   2.7800000e+00
   6.2112788e-01   2.8600000e+00
   6.2192216e-01   2.8600000e+00
   6.2271644e-01   2.8500000e+00
   6.2351072e-01   2.8300000e+00
   6.2430500e-01   2.8300000e+00
   6.2509929e-01   2.7600000e+00
   6.2589357e-01   2.8000000e+00
   6.2668785e-01   2.6400000e+00
   6.2748213e-01   2.7400000e+00
   6.2827641e-01   2.7600000e+00
   6.2907069e-01   2.8100000e+00
   6.2986497e-01   2.8000000e+00
   6.3065925e-01   2.7200000e+00
   6.3145353e-01   2.7000000e+00
   6.3224782e-01   2.7600000e+00
   6.3304210e-01   2.6200000e+00
   6.3383638e-01   2.7000000e+00
   6.3463066e-01   2.6200000e+00
   6.3542494e-01   3.9900000e+00
   6.3621922e-01   3.4500000e+00
   6.3701350e-01   3.6600000e+00
   6.3780778e-01   3.7300000e+00
   6.3860207e-01   3.6100000e+00
   6.3939635e-01   3.5500000e+00
   6.4019063e-01   3.7400000e+00
   6.4098491e-01   3.6000000e+00
   6.4177919e-01   3.6000000e+00
   6.4257347e-01   3.6600000e+00
   6.4336775e-01   3.6800000e+00
   6.4416203e-01   3.6500000e+00
   6.4495631e-01   3.6400000e+00
   6.4575060e-01   3.6500000e+00
   6.4654488e-01   3.5900000e+00
   6.4733916e-01   3.6700000e+00
   6.4813344e-01   3.7900000e+00
   6.4892772e-01   3.7900000e+00
   6.4972200e-01   3.8400000e+00
   6.5051628e-01   3.7700000e+00
   6.5131056e-01   3.8700000e+00
   6.5210485e-01   4.0400000e+00
   6.5289913e-01   4.2000000e+00
   6.5369341e-01   4.1800000e+00
   6.5448769e-01   4.3500000e+00
   6.5528197e-01   4.6000000e+00
   6.5607625e-01   4.5700000e+00
   6.5687053e-01   4.4300000e+00
   6.5766481e-01   4.2400000e+00
   6.5845909e-01   4.1600000e+00
   6.5925338e-01   4.4700000e+00
   6.6004766e-01   4.5100000e+00
   6.6084194e-01   4.4600000e+00
   6.6163622e-01   4.5200000e+00
   6.6243050e-01   4.3200000e+00
   6.6322478e-01   4.4000000e+00
   6.6401906e-01   4.3900000e+00
   6.6481334e-01   4.4200000e+00
   6.6560763e-01   4.7500000e+00
   6.6640191e-01   5.2600000e+00
   6.6719619e-01   5.1000000e+00
   6.6799047e-01   5.4500000e+00
   6.6878475e-01   5.0200000e+00
   6.6957903e-01   5.2100000e+00
   6.7037331e-01   4.8800000e+00
   6.7116759e-01   4.7200000e+00
   6.7196187e-01   5.1200000e+00
   6.7275616e-01   5.1300000e+00
   6.7355044e-01   5.1400000e+00
   6.7434472e-01   5.0700000e+00
   6.7513900e-01   4.9600000e+00
   6.7593328e-01   5.0400000e+00
   6.7672756e-01   5.0200000e+00
   6.7752184e-01   5.1000000e+00
   6.7831612e-01   5.0100000e+00
   6.7911041e-01   5.1400000e+00
   6.7990469e-01   5.0900000e+00
   6.8069897e-01   5.1700000e+00
   6.8149325e-01   5.1400000e+00
   6.8228753e-01   5.5100000e+00
   6.8308181e-01   5.4100000e+00
   6.8387609e-01   5.4100000e+00
   6.8467037e-01   5.2200000e+00
   6.8546465e-01   5.8400000e+00
   6.8625894e-01   6.7000000e+00
   6.8705322e-01   6.9800000e+00
   6.8784750e-01   6.8500000e+00
   6.8864178e-01   6.8200000e+00
   6.8943606e-01   6.8600000e+00
   6.9023034e-01   6.6400000e+00
   6.9102462e-01   6.2600000e+00
   6.9181890e-01   6.3000000e+00
   6.9261319e-01   6.4700000e+00
   6.9340747e-01   6.6100000e+00
   6.9420175e-01   6.6800000e+00
   6.9499603e-01   6.6000000e+00
   6.9579031e-01   6.4900000e+00
   6.9658459e-01   6.5800000e+00
   6.9737887e-01   6.7300000e+00
   6.9817315e-01   6.9500000e+00
   6.9896743e-01   6.7800000e+00
   6.9976172e-01   6.6800000e+00
   7.0055600e-01   7.0400000e+00
   7.0135028e-01   7.6200000e+00
   7.0214456e-01   7.5800000e+00
   7.0293884e-01   7.6700000e+00
   7.0373312e-01   7.4300000e+00
   7.0452740e-01   7.4700000e+00
   7.0532168e-01   7.6700000e+00
   7.0611597e-01   7.5900000e+00
   7.0691025e-01   7.4900000e+00
   7.0770453e-01   7.4000000e+00
   7.0849881e-01   7.3500000e+00
   7.0929309e-01   7.5100000e+00
   7.1008737e-01   7.3400000e+00
   7.1088165e-01   6.8400000e+00
   7.1167593e-01   6.2300000e+00
   7.1247021e-01   5.9000000e+00
   7.1326450e-01   5.9400000e+00
   7.1405878e-01   5.7400000e+00
   7.1485306e-01   6.0400000e+00
   7.1564734e-01   6.0200000e+00
   7.1644162e-01   6.0500000e+00
   7.1723590e-01   6.1600000e+00
   7.1803018e-01   6.1700000e+00
   7.1882446e-01   6.2900000e+00
   7.1961875e-01   6.3700000e+00
   7.2041303e-01   6.5500000e+00
   7.2120731e-01   6.3200000e+00
   7.2200159e-01   6.5400000e+00
   7.2279587e-01   6.5900000e+00
   7.2359015e-01   6.6700000e+00
   7.2438443e-01   6.9100000e+00
   7.2517871e-01   6.9500000e+00
   7.2597299e-01   6.9700000e+00
   7.2676728e-01   6.7800000e+00
   7.2756156e-01   6.9600000e+00
   7.2835584e-01   6.7500000e+00
   7.2915012e-01   6.8400000e+00
   7.2994440e-01   6.5000000e+00
   7.3073868e-01   6.6200000e+00
   7.3153296e-01   6.4900000e+00
   7.3232724e-01   6.7500000e+00
   7.3312153e-01   6.6700000e+00
   7.3391581e-01   6.7300000e+00
   7.3471009e-01   6.7700000e+00
   7.3550437e-01   6.9600000e+00
   7.3629865e-01   6.5200000e+00
   7.3709293e-01   7.0100000e+00
   7.3788721e-01   7.5000000e+00
   7.3868149e-01   7.2900000e+00
   7.3947577e-01   7.1100000e+00
   7.4027006e-01   7.2000000e+00
   7.4106434e-01   7.2300000e+00
   7.4185862e-01   7.0900000e+00
   7.4265290e-01   6.7600000e+00
   7.4344718e-01   6.7000000e+00
   7.4424146e-01   6.5600000e+00
   7.4503574e-01   6.9600000e+00
   7.4583002e-01   7.0000000e+00
   7.4662431e-01   6.9400000e+00
   7.4741859e-01   6.3000000e+00
   7.4821287e-01   6.6900000e+00
   7.4900715e-01   6.7900000e+00
   7.4980143e-01   6.9700000e+00
   7.5059571e-01   7.6700000e+00
   7.5138999e-01   8.4600000e+00
   7.5218427e-01   8.7100000e+00
   7.5297855e-01   8.9400000e+00
   7.5377284e-01   8.6900000e+00
   7.5456712e-01   8.8000000e+00
   7.5536140e-01   8.7700000e+00
   7.5615568e-01   8.8300000e+00
   7.5694996e-01   8.9300000e+00
   7.5774424e-01   8.9100000e+00
   7.5853852e-01   8.3900000e+00
   7.5933280e-01   8.5300000e+00
   7.6012708e-01   8.6800000e+00
   7.6092137e-01   9.4500000e+00
   7.6171565e-01   9.5600000e+00
   7.6250993e-01   1.0340000e+01
   7.6330421e-01   1.0340000e+01
   7.6409849e-01   1.0680000e+01
   7.6489277e-01   1.0540000e+01
   7.6568705e-01   1.0550000e+01
   7.6648133e-01   1.0860000e+01
   7.6727562e-01   1.0660000e+01
   7.6806990e-01   1.0950000e+01
   7.6886418e-01   1.1510000e+01
   7.6965846e-01   1.1470000e+01
   7.7045274e-01   1.1600000e+01
   7.7124702e-01   1.1580000e+01
   7.7204130e-01   1.2070000e+01
   7.7283558e-01   1.1550000e+01
   7.7362986e-01   1.1590000e+01
   7.7442415e-01   1.1340000e+01
   7.7521843e-01   1.1430000e+01
   7.7601271e-01   1.1430000e+01
   7.7680699e-01   1.1240000e+01
   7.7760127e-01   1.1320000e+01
   7.7839555e-01   1.1490000e+01
   7.7918983e-01   1.1440000e+01
   7.7998411e-01   1.1200000e+01
   7.8077840e-01   1.0760000e+01
   7.8157268e-01   1.0580000e+01
   7.8236696e-01   9.8200000e+00
   7.8316124e-01   9.8800000e+00
   7.8395552e-01   9.7700000e+00
   7.8474980e-01   9.7500000e+00
   7.8554408e-01   9.9100000e+00
   7.8633836e-01   1.0440000e+01
   7.8713264e-01   1.0350000e+01
   7.8792693e-01   1.0520000e+01
   7.8872121e-01   1.0670000e+01
   7.8951549e-01   1.0610000e+01
   7.9030977e-01   1.0370000e+01
   7.9110405e-01   1.2060000e+01
   7.9189833e-01   1.2280000e+01
   7.9269261e-01   1.2240000e+01
   7.9348689e-01   1.3630000e+01
   7.9428118e-01   1.3290000e+01
   7.9507546e-01   1.3560000e+01
   7.9586974e-01   1.3420000e+01
   7.9666402e-01   1.3580000e+01
   7.9745830e-01   1.3490000e+01
   7.9825258e-01   1.3260000e+01
   7.9904686e-01   1.3300000e+01
   7.9984114e-01   1.2970000e+01
   8.0063542e-01   1.3130000e+01
   8.0142971e-01   1.4000000e+01
   8.0222399e-01   1.4280000e+01
   8.0301827e-01   1.4320000e+01
   8.0381255e-01   1.4120000e+01
   8.0460683e-01   1.5200000e+01
   8.0540111e-01   1.4460000e+01
   8.0619539e-01   1.4960000e+01
   8.0698967e-01   1.3900000e+01
   8.0778396e-01   1.3030000e+01
   8.0857824e-01   1.3040000e+01
   8.0937252e-01   1.3050000e+01
   8.1016680e-01   1.3220000e+01
   8.1096108e-01   1.3330000e+01
   8.1175536e-01   1.3910000e+01
   8.1254964e-01   1.4280000e+01
   8.1334392e-01   1.4100000e+01
   8.1413820e-01   1.3980000e+01
   8.1493249e-01   1.3650000e+01
   8.1572677e-01   1.3490000e+01
   8.1652105e-01   1.4400000e+01
   8.1731533e-01   1.3820000e+01
   8.1810961e-01   1.4100000e+01
   8.1890389e-01   1.3790000e+01
   8.1969817e-01   1.3700000e+01
   8.2049245e-01   1.3700000e+01
   8.2128674e-01   1.3690000e+01
   8.2208102e-01   1.3710000e+01
   8.2287530e-01   1.4050000e+01
   8.2366958e-01   1.4550000e+01
   8.2446386e-01   1.4640000e+01
   8.2525814e-01   1.4160000e+01
   8.2605242e-01   1.4170000e+01
   8.2684670e-01   1.3270000e+01
   8.2764098e-01   1.3520000e+01
   8.2843527e-01   1.3100000e+01
   8.2922955e-01   1.3100000e+01
   8.3002383e-01   1.2760000e+01
   8.3081811e-01   1.2310000e+01
   8.3161239e-01   1.2790000e+01
   8.3240667e-01   1.2950000e+01
   8.3320095e-01   1.2840000e+01
   8.3399523e-01   1.3110000e+01
   8.3478952e-01   1.3000000e+01
   8.3558380e-01   1.3130000e+01
   8.3637808e-01   1.3490000e+01
   8.3717236e-01   1.3410000e+01
   8.3796664e-01   1.3620000e+01
   8.3876092e-01   1.3300000e+01
   8.3955520e-01   1.3620000e+01
   8.4034948e-01   1.0320000e+01
   8.4114376e-01   1.0390000e+01
   8.4193805e-01   1.0100000e+01
   8.4273233e-01   1.0190000e+01
   8.4352661e-01   1.0040000e+01
   8.4432089e-01   1.0180000e+01
   8.4511517e-01   1.0790000e+01
   8.4590945e-01   1.1070000e+01
   8.4670373e-01   1.1260000e+01
   8.4749801e-01   1.1420000e+01
   8.4829230e-01   1.2750000e+01
   8.4908658e-01   1.1200000e+01
   8.4988086e-01   1.1280000e+01
   8.5067514e-01   1.1410000e+01
   8.5146942e-01   1.1040000e+01
   8.5226370e-01   1.0890000e+01
   8.5305798e-01   1.0890000e+01
   8.5385226e-01   1.0980000e+01
   8.5464654e-01   1.1000000e+01
   8.5544083e-01   1.1120000e+01
   8.5623511e-01   1.1190000e+01
   8.5702939e-01   1.0930000e+01
   8.5782367e-01   1.0900000e+01
   8.5861795e-01   1.1240000e+01
   8.5941223e-01   1.2030000e+01
   8.6020651e-01   1.2380000e+01
   8.6100079e-01   1.2900000e+01
   8.6179508e-01   1.2280000e+01
   8.6258936e-01   1.2090000e+01
   8.6338364e-01   1.1960000e+01
   8.6417792e-01   1.1770000e+01
   8.6497220e-01   1.1500000e+01
   8.6576648e-01   1.1440000e+01
   8.6656076e-01   1.1930000e+01
   8.6735504e-01   1.2640000e+01
   8.6814932e-01   1.3980000e+01
   8.6894361e-01   1.4380000e+01
   8.6973789e-01   1.4170000e+01
   8.7053217e-01   1.4080000e+01
   8.7132645e-01   1.3400000e+01
   8.7212073e-01   1.3230000e+01
   8.7291501e-01   1.2600000e+01
   8.7370929e-01   1.2480000e+01
   8.7450357e-01   1.2150000e+01
   8.7529786e-01   1.3190000e+01
   8.7609214e-01   1.3020000e+01
   8.7688642e-01   1.3360000e+01
   8.7768070e-01   1.3810000e+01
   8.7847498e-01   1.3890000e+01
   8.7926926e-01   1.4290000e+01
   8.8006354e-01   1.3530000e+01
   8.8085782e-01   1.3920000e+01
   8.8165210e-01   1.3800000e+01
   8.8244639e-01   1.3480000e+01
   8.8324067e-01   1.3550000e+01
   8.8403495e-01   1.3800000e+01
   8.8482923e-01   1.3880000e+01
   8.8562351e-01   1.4160000e+01
   8.8641779e-01   1.4110000e+01
   8.8721207e-01   1.4760000e+01
   8.8800635e-01   1.4120000e+01
   8.8880064e-01   1.3950000e+01
   8.8959492e-01   1.3610000e+01
   8.9038920e-01   1.3710000e+01
   8.9118348e-01   1.3370000e+01
   8.9197776e-01   1.3240000e+01
   8.9277204e-01   1.3120000e+01
   8.9356632e-01   1.3430000e+01
   8.9436060e-01   1.3110000e+01
   8.9515488e-01   1.2830000e+01
   8.9594917e-01   1.2120000e+01
   8.9674345e-01   1.2230000e+01
   8.9753773e-01   1.2760000e+01
   8.9833201e-01   1.3020000e+01
   8.9912629e-01   1.2630000e+01
   8.9992057e-01   1.2340000e+01
   9.0071485e-01   1.2370000e+01
   9.0150913e-01   1.2050000e+01
   9.0230342e-01   1.2170000e+01
   9.0309770e-01   1.2480000e+01
   9.0389198e-01   1.2500000e+01
   9.0468626e-01   1.2430000e+01
   9.0548054e-01   1.2230000e+01
   9.0627482e-01   1.2150000e+01
   9.0706910e-01   1.2670000e+01
   9.0786338e-01   1.3000000e+01
   9.0865766e-01   1.3190000e+01
   9.0945195e-01   1.2920000e+01
   9.1024623e-01   1.2860000e+01
   9.1104051e-01   1.2630000e+01
   9.1183479e-01   1.2250000e+01
   9.1262907e-01   1.2550000e+01
   9.1342335e-01   1.2300000e+01
   9.1421763e-01   1.2220000e+01
   9.1501191e-01   1.2260000e+01
   9.1580620e-01   1.2520000e+01
   9.1660048e-01   1.3080000e+01
   9.1739476e-01   1.3120000e+01
   9.1818904e-01   1.3740000e+01
   9.1898332e-01   1.3410000e+01
   9.1977760e-01   1.3300000e+01
   9.2057188e-01   1.2610000e+01
   9.2136616e-01   1.2450000e+01
   9.2216044e-01   1.2740000e+01
   9.2295473e-01   1.2740000e+01
   9.2374901e-01   1.2750000e+01
   9.2454329e-01   1.2710000e+01
   9.2533757e-01   1.3420000e+01
   9.2613185e-01   1.3310000e+01
   9.2692613e-01   1.3340000e+01
   9.2772041e-01   1.3230000e+01
   9.2851469e-01   1.3470000e+01
   9.2930898e-01   1.3700000e+01
   9.3010326e-01   1.3880000e+01
   9.3089754e-01   1.4200000e+01
   9.3169182e-01   1.4220000e+01
   9.3248610e-01   1.4260000e+01
   9.3328038e-01   1.4160000e+01
   9.3407466e-01   1.4070000e+01
   9.3486894e-01   1.3950000e+01
   9.3566322e-01   1.3810000e+01
   9.3645751e-01   1.4100000e+01
   9.3725179e-01   1.4250000e+01
   9.3804607e-01   1.2330000e+01
   9.3884035e-01   1.2010000e+01
   9.3963463e-01   1.1840000e+01
   9.4042891e-01   1.0890000e+01
   9.4122319e-01   1.0990000e+01
   9.4201747e-01   1.0800000e+01
   9.4281176e-01   1.0850000e+01
   9.4360604e-01   1.1120000e+01
   9.4440032e-01   1.1930000e+01
   9.4519460e-01   1.2050000e+01
   9.4598888e-01   1.1710000e+01
   9.4678316e-01   1.1120000e+01
   9.4757744e-01   1.1260000e+01
   9.4837172e-01   1.1090000e+01
   9.4916600e-01   1.1120000e+01
   9.4996029e-01   1.1070000e+01
   9.5075457e-01   1.1250000e+01
   9.5154885e-01   1.1380000e+01
   9.5234313e-01   1.1340000e+01
   9.5313741e-01   1.1400000e+01
   9.5393169e-01   1.1370000e+01
   9.5472597e-01   1.1380000e+01
   9.5552025e-01   1.1550000e+01
   9.5631454e-01   1.1170000e+01
   9.5710882e-01   1.0830000e+01
   9.5790310e-01   1.0890000e+01
   9.5869738e-01   1.0730000e+01
   9.5949166e-01   1.0030000e+01
   9.6028594e-01   9.9100000e+00
   9.6108022e-01   1.0000000e+01
   9.6187450e-01   1.0040000e+01
   9.6266878e-01   9.9400000e+00
   9.6346307e-01   1.0160000e+01
   9.6425735e-01   9.9000000e+00
   9.6505163e-01   1.0110000e+01
   9.6584591e-01   1.0130000e+01
   9.6664019e-01   1.0290000e+01
   9.6743447e-01   1.0980000e+01
   9.6822875e-01   1.0950000e+01
   9.6902303e-01   1.0980000e+01
   9.6981732e-01   1.0890000e+01
   9.7061160e-01   1.0540000e+01
   9.7140588e-01   1.0460000e+01
   9.7220016e-01   1.0530000e+01
   9.7299444e-01   1.0550000e+01
   9.7378872e-01   1.0280000e+01
   9.7458300e-01   1.0980000e+01
   9.7537728e-01   1.1550000e+01
   9.7617156e-01   1.2120000e+01
   9.7696585e-01   1.1880000e+01
   9.7776013e-01   1.2280000e+01
   9.7855441e-01   1.1820000e+01
   9.7934869e-01   1.1960000e+01
   9.8014297e-01   1.2140000e+01
   9.8093725e-01   1.2020000e+01
   9.8173153e-01   1.1910000e+01
   9.8252581e-01   1.2180000e+01
   9.8332010e-01   1.2470000e+01
   9.8411438e-01   1.2590000e+01
   9.8490866e-01   1.2650000e+01
   9.8570294e-01   1.2940000e+01
   9.8649722e-01   1.2710000e+01
   9.8729150e-01   1.2410000e+01
   9.8808578e-01   1.2950000e+01
   9.8888006e-01   1.3320000e+01
   9.8967434e-01   1.2870000e+01
   9.9046863e-01   1.3740000e+01
   9.9126291e-01   1.3250000e+01
   9.9205719e-01   1.2450000e+01
   9.9285147e-01   1.1570000e+01
   9.9364575e-01   1.1650000e+01
   9.9444003e-01   1.1600000e+01
   9.9523431e-01   1.1220000e+01
   9.9602859e-01   1.1310000e+01
   9.9682288e-01   1.1680000e+01
   9.9761716e-01   1.1780000e+01
   9.9841144e-01   1.2200000e+01
   9.9920572e-01   1.2190000e+01
   1.0000000e+00   1.1820000e+01
